   0.0000000000000000e+00   0.0000000000000000e+00
   5.0000000000000000e-01   3.5955577943924748e+00
   1.0000000000000000e+00   7.1911155887849496e+00
   1.5000000000000000e+00   1.0786673383177424e+01
   2.0000000000000000e+00   1.4382231177569899e+01
   2.5000000000000000e+00   1.7977788971962372e+01
   3.0000000000000000e+00   2.1573346766354849e+01
   3.5000000000000000e+00   2.5168904560747322e+01
   4.0000000000000000e+00   2.8764462355139798e+01
   4.5000000000000009e+00   3.2360020149532275e+01
   5.0000000000000000e+00   3.5955577943924744e+01
   5.5000000000000000e+00   3.9551135738317221e+01
   6.0000000000000000e+00   4.3146693532709698e+01
   6.5000000000000009e+00   4.6742251327102174e+01
   7.0000000000000000e+00   5.0337809121494644e+01
